4 2 2
3 3 6 6 7 7
2 4 4 2 2 1 1
0.0 4
30 5
32
R N 1 1 39 154
R V 1 2 7 580
R N 1 3 21 589
R V 1 4 30 782
R G 1 5 41 493
R N 1 6 2 56
R N 1 7 21 179
R N 1 8 30 415
X 2 8
P 2 7 331
R G 2 9 41 800
R G 2 10 21 650
R V 2 11 7 156
R N 3 12 21 200
R V 3 13 30 231
X 4 13
R G 4 14 41 1000
R V 5 15 25 900
R G 8 16 11 200
R N 8 17 15 605
R V 8 18 13 560
R V 8 19 10 210
R N 8 20 32 131
X 9 17
P 10 20 500
R N 10 21 15 110
R N 11 22 40 560
R V 12 23 21 300
R G 12 24 53 42
X 13 23
R N 19 25 17 95
R G 25 26 33 127

